.00 64.00 0.67
16.00 64.00 0.44
16.00 64.00 0.14
16.00 64.00 0.67

16.00 64.00 0.71
16.00 64.00 0.44
16.00 64.00 0.19
16.00 64.00 0.67
16.00 64.00 0.44
16.00 64.00 0.14
16.00 64.00 0.67
16.00 64.00 0.45
16.00 64.00 0.19
16.00 64.00 0.68
16.00 64.00 0.44
16.00 64.00 0.19
16.00 64.00 0.69
16.00 64.00 0.44
16.00 64.00 0.19
16.00 64.00 0.70
16.00 64.00 0.43
16.00 64.00 0.19
16.00 64.00 0.71
16.00 64.00 0.41
16.00 64.00 0.20
16.00 64.00 0.71
16.00 64.00 0.42
16.00 64.00 0.19
16.00 64.00 0.70
16.00 64.00 0.43
16.00 64.00 0.19
16.00 64.00 0.67
16.00 64.00 0.48
16.00 64.00 0.20
16.00 64.00 0.62
16.00 64.00 0.56
16.00 64.00 0.20
16.00 64.00 0.56
16.00 64.00 0.65
16.00 64.00 0.21
16.00 64.00 0.49
16.00 64.00 0.74
16.00 64.00 0.23
16.00 64.00 0.40
16.00 64.00 0.75
16.00 64.00 0.25
16.00 64.00 0.33
16.00 64.00 0.74
16.00 64.00 0.32
16.00 64.00 0.26
16.00 64.00 0.71
16.00 64.00 0.39
16.00 64.00 0.20
16.00 64.00 0.70
16.00 64.00 0.45
16.00 64.00 0.20
16.00 64.00 0.63
16.00 64.00 0.57
16.00 64.00 0.20
16.00 64.00 0.51
16.00 64.00 0.73
16.00 64.00 0.23
16.00 64.00 0.38
16.00 64.00 0.75
16.00 64.00 0.31
16.00 64.00 0.27
16.00 64.00 0.71
16.00 64.00 0.42
16.00 64.00 0.20
16.00 64.00 0.63
16.00 64.00 0.60
16.00 64.00 0.22
16.00 64.00 0.43
16.00 64.00 0.75
16.00 64.00 0.26
16.00 64.00 0.19
16.00 65.00 0.71
16.00 70.00 0.45
16.00 75.00 0.12
16.00 72.00 0.40
16.00 71.00 0.75
16.00 72.00 0.29
16.00 73.00 0.14
16.00 73.00 0.68
16.00 72.00 0.55
16.00 73.00 0.21
16.00 72.00 0.41
16.00 71.00 0.75
16.00 71.00 0.30
16.00 70.00 0.20
16.00 70.00 0.70
16.00 70.00 0.50
16.00 70.00 0.25
16.00 69.00 0.51
16.00 69.00 0.75
16.00 69.00 0.29
16.00 69.00 0.34
16.00 69.00 0.72
16.00 68.00 0.42
16.00 68.00 0.22
16.00 68.00 0.66
16.00 68.00 0.57
16.00 71.00 0.20
16.00 70.00 0.41
16.00 70.00 0.75
16.00 70.00 0.33
16.00 70.00 0.29
16.00 69.00 0.71
16.00 69.00 0.48
16.00 69.00 0.23
16.00 69.00 0.55
17.00 69.00 0.75
16.00 68.00 0.28
16.00 68.00 0.35
16.00 68.00 0.72
16.00 68.00 0.41
16.00 68.00 0.22
16.00 68.00 0.66
16.00 68.00 0.61
16.00 68.00 0.25
16.00 68.00 0.43
16.00 67.00 0.75
16.00 67.00 0.32
16.00 67.00 0.30
16.00 67.00 0.71
16.00 67.00 0.44
17.00 67.00 0.23
16.00 67.00 0.66
16.00 67.00 0.57
16.00 67.00 0.24
16.00 67.00 0.50
16.00 67.00 0.75
16.00 67.00 0.28
16.00 67.00 0.34
16.00 67.00 0.72
16.00 67.00 0.41
16.00 66.00 0.22
16.00 66.00 0.64
16.00 66.00 0.66
16.00 66.00 0.26
16.00 66.00 0.35
16.00 66.00 0.72
16.00 66.00 0.45
16.00 66.00 0.22
16.00 66.00 0.49
16.00 66.00 0.75
16.00 66.00 0.35
16.00 66.00 0.23
16.00 66.00 0.66
16.00 66.00 0.65
16.00 66.00 0.26
16.00 66.00 0.34
16.00 66.00 0.71
16.00 66.00 0.46
16.00 66.00 0.22
16.00 66.00 0.50
16.00 66.00 0.75
16.00 66.00 0.33
16.00 66.00 0.25
16.00 66.00 0.69
16.00 66.00 0.57
16.00 66.00 0.24
16.00 66.00 0.40
16.00 66.00 0.74
16.00 66.00 0.39
16.00 66.00 0.22
16.00 66.00 0.63
16.00 66.00 0.67
16.00 66.00 0.25
16.00 66.00 0.37
16.00 66.00 0.74
16.00 66.00 0.36
16.00 65.00 0.22
17.00 65.00 0.69
16.00 66.00 0.54
16.00 66.00 0.22
16.00 66.00 0.46
16.00 66.00 0.75
16.00 66.00 0.30
16.00 66.00 0.28
16.00 66.00 0.71
16.00 65.00 0.46
16.00 65.00 0.21
16.00 65.00 0.54
16.00 65.00 0.75
16.00 65.00 0.27
17.00 65.00 0.33
16.00 65.00 0.72
16.00 65.00 0.43
16.00 65.00 0.21
16.00 65.00 0.58
16.00 65.00 0.73
16.00 65.00 0.25
16.00 65.00 0.33
16.00 65.00 0.72
16.00 65.00 0.41
16.00 65.00 0.20
16.00 65.00 0.59
16.00 65.00 0.71
16.00 65.00 0.25
16.00 65.00 0.33
16.00 65.00 0.72
16.00 65.00 0.42
16.00 65.00 0.20
16.00 65.00 0.59
16.00 65.00 0.72
16.00 65.00 0.24
16.00 65.00 0.34
16.00 65.00 0.72
16.00 65.00 0.41
16.00 65.00 0.21
16.00 65.00 0.63
16.00 65.00 0.63
16.00 65.00 0.23
16.00 65.00 0.40
16.00 65.00 0.75
16.00 65.00 0.32
16.00 65.00 0.27
16.00 65.00 0.71
16.00 65.00 0.43
16.00 65.00 0.21
16.00 65.00 0.65
16.00 65.00 0.55
16.00 65.00 0.21
16.00 65.00 0.55
16.00 65.00 0.66
16.00 65.00 0.22
16.00 65.00 0.52
16.00 65.00 0.68
16.00 65.00 0.22
16.00 65.00 0.52
16.00 65.00 0.68
16.00 65.00 0.22
16.00 65.00 0.51
16.00 65.00 0.69
16.00 65.00 0.22
16.00 65.00 0.50
16.00 65.00 0.70
16.00 65.00 0.22
16.00 65.00 0.50
16.00 65.00 0.71
16.00 65.00 0.23
16.00 65.00 0.46
16.00 65.00 0.75
16.00 65.00 0.23
16.00 65.00 0.43
16.00 65.00 0.75
16.00 65.00 0.24
17.00 65.00 0.39
16.00 65.00 0.75
16.00 65.00 0.27
16.00 65.00 0.34
16.00 65.00 0.74
16.00 65.00 0.32
16.00 65.00 0.29
16.00 65.00 0.72
16.00 65.00 0.37
16.00 65.00 0.22
16.00 65.00 0.70
16.00 65.00 0.46
16.00 65.00 0.20
16.00 65.00 0.58
16.00 65.00 0.68
16.00 65.00 0.23
16.00 65.00 0.35
16.00 65.00 0.73
16.00 65.00 0.38
16.00 65.00 0.20
16.00 65.00 0.61
16.00 65.00 0.69
16.00 65.00 0.24
16.00 65.00 0.31
16.00 65.00 0.71
16.00 65.00 0.46
16.00 65.00 0.21
16.00 65.00 0.44
16.00 65.00 0.75
16.00 65.00 0.35
16.00 65.00 0.21
16.00 65.00 0.63
16.00 65.00 0.68
16.00 65.00 0.25
16.00 65.00 0.30
16.00 65.00 0.71
16.00 65.00 0.50
16.00 65.00 0.23
16.00 65.00 0.38
16.00 65.00 0.73
16.00 65.00 0.43
16.00 65.00 0.21
16.00 65.00 0.45
16.00 65.00 0.74
16.00 65.00 0.38
16.00 65.00 0.21
16.00 65.00 0.54
16.00 65.00 0.75
16.00 65.00 0.32
17.00 65.00 0.21
16.00 65.00 0.62
16.00 65.00 0.75
16.00 65.00 0.28
16.00 65.00 0.24
16.00 65.00 0.67
16.00 65.00 0.64
16.00 65.00 0.24
16.00 65.00 0.30
16.00 65.00 0.71
16.00 65.00 0.53
16.00 65.00 0.22
16.00 65.00 0.35
16.00 65.00 0.72
16.00 65.00 0.44
16.00 65.00 0.20
16.00 65.00 0.42
16.00 65.00 0.74
16.00 65.00 0.37
16.00 65.00 0.20
16.00 65.00 0.54
16.00 65.00 0.75
16.00 65.00 0.30
16.00 65.00 0.21
16.00 65.00 0.66
16.00 65.00 0.67
16.00 65.00 0.25
16.00 65.00 0.27
16.00 65.00 0.71
16.00 65.00 0.59
16.00 65.00 0.23
16.00 65.00 0.30
16.00 65.00 0.71
16.00 65.00 0.55
16.00 65.00 0.22
16.00 65.00 0.32
16.00 65.00 0.71
16.00 65.00 0.54
16.00 65.00 0.23
16.00 65.00 0.30
16.00 65.00 0.71
16.00 65.00 0.63
16.00 65.00 0.25
16.00 65.00 0.24
16.00 65.00 0.64
16.00 65.00 0.75
16.00 65.00 0.31
16.00 65.00 0.20
16.00 65.00 0.56
16.00 65.00 0.75
16.00 65.00 0.34
16.00 65.00 0.20
16.00 65.00 0.54
16.00 65.00 0.75
16.00 65.00 0.34
16.00 65.00 0.19
16.00 65.00 0.55
16.00 65.00 0.75
16.00 65.00 0.33
16.00 65.00 0.20
16.00 65.00 0.56
16.00 65.00 0.75
16.00 65.00 0.32
16.00 65.00 0.20
16.00 65.00 0.59
16.00 65.00 0.75
16.00 65.00 0.30
16.00 65.00 0.21
16.00 65.00 0.62
16.00 65.00 0.75
16.00 65.00 0.30
16.00 65.00 0.21
16.00 65.00 0.59
16.00 65.00 0.75
16.00 65.00 0.32
16.00 65.00 0.21
16.00 65.00 0.59
16.00 65.00 0.75
16.00 65.00 0.29
16.00 65.00 0.21
16.00 65.00 0.65
16.00 65.00 0.68
16.00 65.00 0.25
16.00 65.00 0.27
16.00 65.00 0.71
16.00 65.00 0.57
16.00 65.00 0.22
16.00 65.00 0.33
16.00 65.00 0.71
16.00 65.00 0.49
16.00 65.00 0.21
16.00 65.00 0.36
16.00 65.00 0.72
16.00 65.00 0.43
16.00 65.00 0.20
16.00 65.00 0.41
16.00 65.00 0.74
16.00 65.00 0.40
16.00 65.00 0.19
16.00 65.00 0.44
16.00 65.00 0.74
16.00 65.00 0.40
16.00 65.00 0.19
16.00 65.00 0.39
16.00 65.00 0.72
16.00 65.00 0.44
16.00 65.00 0.20
16.00 65.00 0.35
16.00 65.00 0.71
16.00 65.00 0.51
16.00 65.00 0.21
16.00 65.00 0.32
16.00 65.00 0.71
16.00 65.00 0.57
16.00 65.00 0.22
16.00 65.00 0.28
16.00 65.00 0.70
16.00 65.00 0.60
16.00 65.00 0.23
16.00 65.00 0.28
16.00 65.00 0.71
16.00 65.00 0.59
16.00 65.00 0.22
16.00 65.00 0.29
16.00 65.00 0.71
16.00 65.00 0.58
16.00 65.00 0.22
16.00 65.00 0.29
16.00 65.00 0.71
16.00 65.00 0.54
16.00 65.00 0.22
16.00 65.00 0.33
16.00 65.00 0.72
16.00 65.00 0.44
16.00 65.00 0.19
16.00 65.00 0.42
16.00 65.00 0.74
16.00 65.00 0.35
16.00 65.00 0.19
16.00 65.00 0.62
16.00 65.00 0.68
16.00 65.00 0.23
16.00 65.00 0.32
16.00 65.00 0.72
16.00 65.00 0.42
16.00 65.00 0.19
16.00 65.00 0.56
16.00 65.00 0.73
16.00 65.00 0.24
16.00 65.00 0.33
16.00 65.00 0.72
16.00 65.00 0.41
16.00 65.00 0.21
16.00 65.00 0.55
16.00 65.00 0.75
16.00 65.00 0.27
16.00 65.00 0.27
16.00 65.00 0.71
16.00 65.00 0.50
16.00 65.00 0.21
16.00 65.00 0.41
16.00 65.00 0.74
16.00 65.00 0.35
16.00 65.00 0.20
16.00 65.00 0.65
16.00 65.00 0.63
16.00 65.00 0.23
16.00 65.00 0.35
16.00 65.00 0.73
16.00 65.00 0.40
16.00 65.00 0.20
16.00 65.00 0.57
16.00 65.00 0.75
16.00 65.00 0.26
16.00 65.00 0.29
16.00 65.00 0.71
16.00 65.00 0.46
16.00 65.00 0.21
16.00 65.00 0.46
16.00 65.00 0.75
16.00 65.00 0.34
16.00 65.00 0.22
16.00 65.00 0.64
16.00 65.00 0.67
16.00 65.00 0.25
16.00 65.00 0.31
16.00 65.00 0.71
16.00 65.00 0.50
16.00 65.00 0.23
16.00 65.00 0.39
16.00 65.00 0.73
16.00 65.00 0.42
16.00 65.00 0.22
16.00 65.00 0.46
16.00 65.00 0.74
16.00 65.00 0.38
16.00 65.00 0.21
16.00 65.00 0.52
16.00 65.00 0.75
16.00 65.00 0.36
16.00 65.00 0.21
16.00 65.00 0.51
16.00 65.00 0.75
16.00 65.00 0.38
16.00 65.00 0.21
16.00 65.00 0.43
16.00 65.00 0.73
16.00 65.00 0.44
16.00 65.00 0.22
16.00 65.00 0.37
16.00 65.00 0.71
16.00 65.00 0.54
16.00 65.00 0.24
16.00 65.00 0.28
16.00 65.00 0.68
16.00 65.00 0.69
16.00 65.00 0.30
16.00 65.00 0.22
16.00 65.00 0.56
16.00 65.00 0.75
16.00 65.00 0.40
16.00 65.00 0.20
16.00 65.00 0.40
16.00 65.00 0.72
16.00 65.00 0.48
16.00 65.00 0.23
16.00 65.00 0.32
16.00 65.00 0.71
16.00 65.00 0.62
16.00 65.00 0.25
16.00 65.00 0.25
16.00 65.00 0.67
16.00 65.00 0.69
16.00 65.00 0.28
16.00 65.00 0.21
16.00 65.00 0.63
16.00 65.00 0.75
16.00 65.00 0.30
16.00 65.00 0.16
16.00 65.00 0.58
16.00 65.00 0.75
16.00 65.00 0.31
16.00 65.00 0.16
16.00 65.00 0.50
16.00 65.00 0.75
16.00 65.00 0.37
16.00 65.00 0.16
16.00 65.00 0.38
16.00 65.00 0.72
16.00 65.00 0.46
16.00 65.00 0.20
16.00 65.00 0.29
16.00 65.00 0.70
16.00 65.00 0.66
16.00 65.00 0.26
16.00 65.00 0.16
16.00 65.00 0.54
16.00 65.00 0.75
16.00 65.00 0.33
16.00 65.00 0.10
16.00 65.00 0.32
16.00 65.00 0.71
16.00 65.00 0.53
16.00 65.00 0.15
16.00 65.00 0.13
16.00 65.00 0.58
16.00 65.00 0.75
16.00 65.00 0.33
16.00 65.00 0.10
16.00 65.00 0.30
16.00 65.00 0.71
16.00 65.00 0.66
16.00 65.00 0.20
15.00 64.00 0.00